Spawn 15.5 2.0 16
Building 0.0 0.0 15.0 7.0 10.0 17.0
Building 7.0 0.0 15.0 8.0 6.0 17.0
Building 15.0 0.0 15.0 1.0 6.0 1.0
Building 16.0 0.0 0.0 8.0 6.0 32.0
Building 24.0 0.0 0.0 10.0 1.0 32.0
Building 34.0 0.0 0.0 6.0 14.0 32.0
Building 24.34202014332567 0.8830222215594888 4.0 2.0 3.0 4.0
Building 26.34202014332567 0.8830222215594888 0.0 1.0 3.0 4.0
Building 27.34202014332567 0.8830222215594888 0.0 1.0 3.0 0.0
Building 28.34202014332567 0.8830222215594888 0.0 1.0 3.0 32.0
Building 29.34202014332567 0.8830222215594888 19.0 5.0 3.0 1.0
Building 25.368080573302674 3.5320888862379554 4.0 2.0 2.0 8.0
Building 27.368080573302674 3.5320888862379554 0.0 3.0 5.0 38.0
Building 30.368080573302674 3.5320888862379554 20.0 5.0 10.0 4.0
Building 9.052120859954012 5.298133329356933 18.0 3.0 3.0 4.0
Building 12.052120859954012 5.298133329356933 18.0 1.0 3.0 2.0
Building 13.052120859954012 5.298133329356933 17.0 1.0 3.0 1.0
Building 14.052120859954012 5.298133329356933 17.0 1.0 3.0 5.0
Building 15.052120859954012 5.298133329356933 18.0 1.0 3.0 2.0
Building 16.052120859954012 5.298133329356933 16.0 1.0 3.0 2.0
Building 17.052120859954012 5.298133329356933 15.0 3.0 3.0 1.0
Building 20.052120859954012 5.298133329356933 0.0 1.0 3.0 20.0
Building 21.052120859954012 5.298133329356933 12.0 7.0 3.0 4.0
Building 10.078181289931019 7.9471999940354 22.0 2.0 1.0 4.0
Building 12.078181289931019 7.9471999940354 0.0 10.0 8.0 38.0
Building 22.07818128993102 7.9471999940354 0.0 2.0 8.0 14.0
Building 24.07818128993102 7.9471999940354 0.0 8.0 4.0 38.0
Building 3.420201433256688 8.830222215594889 0.0 1.0 6.0 32.0
Building 4.420201433256688 8.830222215594889 21.0 2.0 2.0 3.0
Building 6.420201433256688 8.830222215594889 21.0 2.0 2.0 1.0
Building 8.420201433256688 8.830222215594889 21.0 4.0 6.0 1.0
Building 5.104241719908025 10.596266658713866 21.0 2.0 2.0 7.0
Building 7.104241719908025 10.596266658713866 0.0 2.0 2.0 34.0
Building 25.446261863233694 11.479288880273355 0.0 1.0 6.0 38.0
Building 26.446261863233694 11.479288880273355 24.0 7.0 1.0 6.0
Building 5.7882820065593625 12.362311101832844 21.0 2.0 2.0 5.0
Building 7.7882820065593625 12.362311101832844 21.0 2.0 2.0 3.0
Building 26.788282006559363 12.362311101832844 20.0 12.0 1.0 4.0
Building 38.78828200655936 12.362311101832844 20.0 5.0 2.0 2.0
Building 27.130302149885033 13.245333323392332 24.0 2.0 2.0 6.0
Building 29.130302149885033 13.245333323392332 0.0 2.0 2.0 36.0
Building 31.130302149885033 13.245333323392332 22.0 8.0 4.0 2.0
Building 43.78828200655936 12.362311101832844 0.0 1.0 6.0 38.0
Building 5.4723222932107 14.128355544951821 0.0 7.0 3.0 38.0
Building 12.4723222932107 14.128355544951821 22.0 2.0 1.0 4.0
Building 39.4723222932107 14.128355544951821 22.0 1.0 2.0 6.0
Building 40.4723222932107 14.128355544951821 0.0 2.0 2.0 38.0
Building 42.4723222932107 14.128355544951821 22.0 2.0 2.0 2.0
Building 12.814342436536368 15.01137776651131 21.0 5.0 8.0 1.0
Building 17.814342436536368 15.01137776651131 22.0 3.0 2.0 6.0
Building 20.814342436536368 15.01137776651131 20.0 2.0 2.0 4.0
Building 22.814342436536368 15.01137776651131 16.0 2.0 2.0 4.0
Building 24.814342436536368 15.01137776651131 14.0 2.0 2.0 2.0
Building 27.814342436536368 15.01137776651131 26.0 2.0 2.0 2.0
Building 29.814342436536368 15.01137776651131 24.0 2.0 2.0 2.0
Building 40.15636257986204 15.8943999880708 24.0 5.0 2.0 4.0
Building 6.4983827231877065 16.777422209630288 0.0 1.0 6.0 38.0
Building 7.4983827231877065 16.777422209630288 22.0 2.0 2.0 6.0
Building 9.498382723187706 16.777422209630288 22.0 2.0 2.0 4.0
Building 11.498382723187706 16.777422209630288 21.0 2.0 6.0 1.0
Building 18.498382723187706 16.777422209630288 22.0 2.0 2.0 8.0
Building 20.498382723187706 16.777422209630288 22.0 2.0 4.0 4.0
Building 22.498382723187706 16.777422209630288 0.0 6.0 6.0 38.0
Building 28.498382723187706 16.777422209630288 0.0 5.0 2.0 38.0
Building 33.4983827231877 16.777422209630288 23.0 5.0 11.0 1.0
Building 38.4983827231877 16.777422209630288 24.0 2.0 7.0 2.0
Building 40.84040286651337 17.660444431189777 0.0 6.0 2.0 38.0
Building 8.182423009839045 18.543466652749267 22.0 2.0 2.0 4.0
Building 10.182423009839045 18.543466652749267 0.0 2.0 2.0 38.0
Building 19.182423009839045 18.543466652749267 0.0 2.0 2.0 38.0
Building 29.182423009839045 18.543466652749267 28.0 3.0 1.0 2.0
Building 32.18242300983904 18.543466652749267 26.0 1.0 1.0 2.0
Building 33.18242300983904 18.543466652749267 24.0 1.0 1.0 2.0
Building 29.52444315316471 19.426488874308756 26.0 2.0 2.0 6.0
Building 31.52444315316471 19.426488874308756 0.0 3.0 2.0 38.0
Building 41.52444315316471 19.426488874308756 0.0 1.0 6.0 26.0
Building 42.52444315316471 19.426488874308756 0.0 2.0 2.0 24.0
Building 44.52444315316471 19.426488874308756 0.0 2.0 4.0 20.0
Building 46.52444315316471 19.426488874308756 0.0 1.0 6.0 38.0
Building 8.866463296490382 20.309511095868242 22.0 4.0 2.0 2.0
Building 19.86646329649038 20.309511095868242 22.0 4.0 2.0 2.0
Building 30.20848343981605 21.19253331742773 24.0 5.0 2.0 2.0
Building 8.550503583141719 22.07555553898722 0.0 7.0 7.0 38.0
Building 15.550503583141719 22.07555553898722 22.0 2.0 4.0 6.0
Building 17.55050358314172 22.07555553898722 22.0 3.0 4.0 2.0
Building 20.55050358314172 22.07555553898722 0.0 10.0 7.0 38.0
Building 43.20848343981605 21.19253331742773 0.0 2.0 2.0 38.0
Building 30.892523726467388 22.95857776054671 24.0 5.0 1.0 8.0
Building 40.89252372646739 22.95857776054671 0.0 2.0 2.0 30.0
Building 43.89252372646739 22.95857776054671 0.0 2.0 2.0 24.0
Building 45.89252372646739 22.95857776054671 0.0 2.0 2.0 30.0
Building 31.234543869793058 23.8415999821062 0.0 5.0 5.0 38.0
Building 41.57656401311873 24.72462220366569 0.0 2.0 2.0 34.0
Building 43.57656401311873 24.72462220366569 0.0 6.0 4.0 38.0
Building 16.918584156444396 25.607644425225175 26.0 2.0 2.0 12.0
Building 18.918584156444396 25.607644425225175 24.0 3.0 2.0 2.0
Building 37.260604299770065 26.490666646784664 0.0 5.0 2.0 38.0
Building 42.260604299770065 26.490666646784664 0.0 2.0 2.0 36.0
Building 17.60262444309573 27.373688868344153 0.0 5.0 1.0 38.0
