# Eternity Level Data --- Scrapyard
Spawn 15.5 2.0 16
Building 0.0 -0.0 0.0 7.0 10.0 32.0
Building 7.0 -0.0 0.0 8.0 5.999999999999999 32.0
Building 15.0 -0.0 0.0 1.0 5.999999999999999 16.0
Building 16.0 -0.0 0.0 8.0 5.999999999999999 32.0
Building 24.0 -0.0 0.0 10.0 1.0 32.0
Building 34.0 -0.0 0.0 6.0 14.0 32.0
Building 24.34202014332567 0.9396926207859083 4.0 2.0 2.9999999999999996 4.0
Building 26.34202014332567 0.9396926207859083 0.0 1.0 2.9999999999999996 4.0
Building 27.34202014332567 0.9396926207859083 0.0 1.0 2.9999999999999996 0.0
Building 28.34202014332567 0.9396926207859083 0.0 1.0 2.9999999999999996 32.0
Building 29.34202014332567 0.9396926207859083 19.0 5.0 2.9999999999999996 1.0
Building 25.368080573302674 3.7587704831436333 4.0 2.0 1.9999999999999998 8.0
Building 27.368080573302674 3.7587704831436333 0.0 3.0 5.0 38.0
Building 30.368080573302674 3.7587704831436333 20.0 5.0 10.0 4.0
Building 9.052120859954012 5.63815572471545 18.0 3.0 2.9999999999999996 4.0
Building 12.052120859954012 5.63815572471545 18.0 1.0 2.9999999999999996 2.0
Building 13.052120859954012 5.63815572471545 0.0 1.0 2.9999999999999996 18.0
Building 14.052120859954012 5.63815572471545 0.0 1.0 2.9999999999999996 22.0
Building 15.052120859954012 5.63815572471545 18.0 1.0 2.9999999999999996 2.0
Building 16.052120859954012 5.63815572471545 16.0 1.0 2.9999999999999996 2.0
Building 17.052120859954012 5.63815572471545 15.0 3.0 2.9999999999999996 1.0
Building 20.052120859954012 5.63815572471545 0.0 1.0 2.9999999999999996 20.0
Building 21.052120859954012 5.63815572471545 12.0 7.0 2.9999999999999996 4.0
Building 10.078181289931019 8.457233587073175 22.0 2.0 0.9999999999999999 4.0
Building 12.078181289931019 8.457233587073175 0.0 10.0 7.999999999999999 38.0
Building 22.07818128993102 8.457233587073175 0.0 2.0 7.999999999999999 14.0
Building 24.07818128993102 8.457233587073175 0.0 8.0 3.9999999999999996 38.0
Building 3.420201433256688 9.396926207859083 0.0 1.0 5.999999999999999 32.0
Building 4.420201433256688 9.396926207859083 21.0 2.0 1.9999999999999998 3.0
Building 6.420201433256688 9.396926207859083 21.0 2.0 1.9999999999999998 1.0
Building 8.420201433256688 9.396926207859083 21.0 4.0 5.999999999999999 1.0
Building 5.104241719908025 11.2763114494309 21.0 2.0 1.9999999999999998 7.0
Building 7.104241719908025 11.2763114494309 0.0 2.0 1.9999999999999998 34.0
Building 25.446261863233694 12.216004070216808 0.0 1.0 5.999999999999999 38.0
Building 26.446261863233694 12.216004070216808 24.0 7.0 0.9999999999999998 6.0
Building 5.7882820065593625 13.155696691002717 21.0 2.0 1.9999999999999998 5.0
Building 7.7882820065593625 13.155696691002717 21.0 2.0 1.9999999999999998 3.0
Building 26.788282006559363 13.155696691002717 20.0 12.0 1.0 4.0
Building 38.78828200655936 13.155696691002717 20.0 5.0 1.9999999999999998 2.0
Building 27.130302149885033 14.095389311788624 24.0 2.0 1.9999999999999998 6.0
Building 29.130302149885033 14.095389311788624 0.0 2.0 1.9999999999999998 36.0
Building 31.130302149885033 14.095389311788624 22.0 8.0 3.9999999999999996 2.0
Building 43.78828200655936 13.155696691002717 0.0 1.0 5.999999999999999 38.0
Building 5.4723222932107 15.035081932574533 0.0 7.0 2.9999999999999996 38.0
Building 12.4723222932107 15.035081932574533 22.0 2.0 0.9999999999999999 4.0
Building 39.4723222932107 15.035081932574533 22.0 1.0 1.9999999999999998 6.0
Building 40.4723222932107 15.035081932574533 0.0 2.0 1.9999999999999998 38.0
Building 42.4723222932107 15.035081932574533 22.0 2.0 1.9999999999999998 2.0
Building 12.814342436536368 15.974774553360442 21.0 5.0 7.999999999999999 1.0
Building 17.814342436536368 15.974774553360442 22.0 3.0 1.9999999999999998 6.0
Building 20.814342436536368 15.974774553360442 20.0 2.0 1.9999999999999998 4.0
Building 22.814342436536368 15.974774553360442 16.0 2.0 1.9999999999999998 4.0
Building 24.814342436536368 15.974774553360442 14.0 2.0 1.9999999999999998 2.0
Building 26.814342436536368 15.974774553360442 26.0 2.0 1.9999999999999998 2.0
Building 28.814342436536368 15.974774553360442 24.0 2.0 1.9999999999999998 2.0
Building 40.15636257986204 16.91446717414635 24.0 5.0 1.9999999999999998 4.0
Building 6.4983827231877065 17.854159794932258 0.0 1.0 5.999999999999999 38.0
Building 7.4983827231877065 17.854159794932258 22.0 2.0 1.9999999999999998 6.0
Building 9.498382723187706 17.854159794932258 22.0 2.0 1.9999999999999998 4.0
Building 11.498382723187706 17.854159794932258 21.0 2.0 5.999999999999999 1.0
Building 18.498382723187706 17.854159794932258 22.0 2.0 1.9999999999999998 8.0
Building 20.498382723187706 17.854159794932258 22.0 2.0 3.9999999999999996 4.0
Building 22.498382723187706 17.854159794932258 0.0 6.0 5.999999999999999 38.0
Building 28.498382723187706 17.854159794932258 0.0 5.0 1.9999999999999998 38.0
Building 33.4983827231877 17.854159794932258 23.0 5.0 11.0 1.0
Building 38.4983827231877 17.854159794932258 24.0 2.0 7.0 2.0
Building 40.84040286651337 18.793852415718167 0.0 6.0 1.9999999999999998 38.0
Building 8.182423009839045 19.733545036504076 22.0 2.0 1.9999999999999998 4.0
Building 10.182423009839045 19.733545036504076 0.0 2.0 1.9999999999999998 38.0
Building 19.182423009839045 19.733545036504076 0.0 2.0 1.9999999999999998 38.0
Building 29.182423009839045 19.733545036504076 28.0 3.0 0.9999999999999999 2.0
Building 32.18242300983904 19.733545036504076 26.0 1.0 0.9999999999999999 2.0
Building 33.18242300983904 19.733545036504076 24.0 1.0 0.9999999999999999 2.0
Building 29.52444315316471 20.673237657289985 26.0 2.0 5.999999999999999 0.0
Building 31.52444315316471 20.673237657289985 0.0 3.0 1.9999999999999998 38.0
Building 41.52444315316471 20.673237657289985 0.0 1.0 5.999999999999999 26.0
Building 42.52444315316471 20.673237657289985 0.0 2.0 1.9999999999999998 24.0
Building 44.52444315316471 20.673237657289985 0.0 2.0 3.9999999999999996 20.0
Building 46.52444315316471 20.673237657289985 0.0 1.0 5.999999999999999 38.0
Building 8.866463296490382 21.61293027807589 22.0 4.0 1.9999999999999998 2.0
Building 19.86646329649038 21.61293027807589 22.0 4.0 1.9999999999999998 2.0
Building 30.20848343981605 22.5526228988618 24.0 5.0 1.9999999999999998 2.0
Building 8.550503583141719 23.492315519647708 0.0 7.0 7.0 38.0
Building 15.550503583141719 23.492315519647708 22.0 2.0 3.9999999999999996 6.0
Building 17.55050358314172 23.492315519647708 22.0 3.0 3.9999999999999996 2.0
Building 20.55050358314172 23.492315519647708 0.0 10.0 7.0 38.0
Building 43.20848343981605 22.5526228988618 0.0 2.0 1.9999999999999998 38.0
Building 30.892523726467388 24.432008140433616 24.0 5.0 0.9999999999999998 8.0
Building 40.89252372646739 24.432008140433616 0.0 2.0 1.9999999999999998 30.0
Building 43.89252372646739 24.432008140433616 0.0 2.0 1.9999999999999998 24.0
Building 45.89252372646739 24.432008140433616 0.0 2.0 1.9999999999999998 30.0
Building 31.234543869793058 25.371700761219525 0.0 5.0 5.0 38.0
Building 41.57656401311873 26.311393382005434 0.0 2.0 1.9999999999999998 34.0
Building 43.57656401311873 26.311393382005434 0.0 6.0 3.9999999999999996 38.0
Building 16.918584156444396 27.25108600279134 26.0 2.0 1.9999999999999998 12.0
Building 18.918584156444396 27.25108600279134 24.0 3.0 1.9999999999999998 2.0
Building 37.260604299770065 28.19077862357725 0.0 5.0 1.9999999999999998 38.0
Building 42.260604299770065 28.19077862357725 0.0 2.0 1.9999999999999998 36.0
Building 17.60262444309573 29.130471244363157 0.0 5.0 0.9999999999999998 38.0
